6.124616265296936035e-01 3.875383138656616211e-01
6.437479257583618164e-01 3.562520444393157959e-01
7.084845900535583496e-01 2.915153503417968750e-01
5.937227606773376465e-01 4.062772393226623535e-01
7.107977867126464844e-01 2.892021834850311279e-01
6.844888329505920410e-01 3.155111670494079590e-01
3.295978605747222900e-01 6.704021692276000977e-01
7.085531949996948242e-01 2.914468646049499512e-01
6.341100931167602539e-01 3.658898770809173584e-01
3.068984746932983398e-01 6.931014657020568848e-01
7.329006791114807129e-01 2.670992910861968994e-01
7.850086092948913574e-01 2.149914056062698364e-01
5.660174489021301270e-01 4.339825212955474854e-01
4.248731136322021484e-01 5.751268863677978516e-01
5.660174489021301270e-01 4.339825212955474854e-01
5.835708379745483398e-01 4.164291024208068848e-01
6.685307621955871582e-01 3.314691483974456787e-01
7.784209251403808594e-01 2.215790152549743652e-01
5.532414317131042480e-01 4.467586278915405273e-01
3.654368817806243896e-01 6.345631480216979980e-01
6.643119454383850098e-01 3.356880247592926025e-01
5.648936033248901367e-01 4.351063668727874756e-01
6.934075951576232910e-01 3.065924048423767090e-01
7.229199409484863281e-01 2.770800888538360596e-01
8.625843524932861328e-01 1.374156475067138672e-01
3.601986765861511230e-01 6.398013234138488770e-01
5.870761871337890625e-01 4.129237830638885498e-01
6.169908046722412109e-01 3.830092549324035645e-01
6.600885987281799316e-01 3.399114310741424561e-01
7.042494416236877441e-01 2.957505285739898682e-01
3.115943074226379395e-02 9.688405394554138184e-01
6.957036852836608887e-01 3.042963147163391113e-01
5.903232693672180176e-01 4.096766710281372070e-01
2.773474454879760742e-01 7.226524949073791504e-01
5.660174489021301270e-01 4.339825212955474854e-01
4.163511097431182861e-01 5.836488604545593262e-01
5.995541810989379883e-01 4.004457890987396240e-01
7.114065289497375488e-01 2.885934710502624512e-01
6.408156156539916992e-01 3.591843545436859131e-01
6.147426366806030273e-01 3.852573335170745850e-01
8.296448588371276855e-01 1.703551709651947021e-01
6.238073110580444336e-01 3.761927187442779541e-01
7.286931872367858887e-01 2.713068127632141113e-01
5.636283159255981445e-01 4.363717138767242432e-01
4.707337915897369385e-01 5.292661190032958984e-01
5.722516775131225586e-01 4.277482628822326660e-01
7.518262863159179688e-01 2.481736838817596436e-01
5.678960680961608887e-01 4.321039319038391113e-01
7.793083786964416504e-01 2.206915616989135742e-01
5.944070816040039062e-01 4.055928885936737061e-01
5.827814936637878418e-01 4.172185659408569336e-01
5.848954319953918457e-01 4.151045978069305420e-01
6.756331920623779297e-01 3.243667781352996826e-01
7.766641378402709961e-01 2.233358621597290039e-01
7.009336352348327637e-01 2.990664541721343994e-01
6.864220499992370605e-01 3.135779500007629395e-01
4.152670800685882568e-01 5.847328901290893555e-01
5.660174489021301270e-01 4.339825212955474854e-01
8.047393560409545898e-01 1.952605992555618286e-01
5.660174489021301270e-01 4.339825212955474854e-01
8.008726835250854492e-01 1.991273313760757446e-01
5.430876016616821289e-01 4.569123685359954834e-01
5.660174489021301270e-01 4.339825212955474854e-01
6.272898316383361816e-01 3.727101683616638184e-01
6.740358471870422363e-01 3.259641528129577637e-01
6.889137029647827148e-01 3.110863268375396729e-01
5.466328263282775879e-01 4.533672034740447998e-01
7.229199409484863281e-01 2.770800888538360596e-01
6.325799226760864258e-01 3.674201369285583496e-01
7.851434946060180664e-01 2.148564755916595459e-01
6.585446596145629883e-01 3.414553403854370117e-01
5.096918940544128418e-01 4.903080463409423828e-01
6.977690458297729492e-01 3.022309541702270508e-01
6.143742203712463379e-01 3.856257498264312744e-01
7.109237909317016602e-01 2.890761792659759521e-01
5.950599908828735352e-01 4.049400687217712402e-01
6.485950350761413574e-01 3.514049053192138672e-01
6.830841898918151855e-01 3.169157803058624268e-01
5.660174489021301270e-01 4.339825212955474854e-01
7.093493938446044922e-01 2.906505763530731201e-01
7.068769931793212891e-01 2.931230664253234863e-01
8.180280923843383789e-01 1.819719225168228149e-01
6.615597605705261230e-01 3.384402096271514893e-01
5.247449278831481934e-01 4.752550125122070312e-01
6.112799644470214844e-01 3.887200951576232910e-01
5.922040343284606934e-01 4.077959656715393066e-01
7.104292511940002441e-01 2.895707190036773682e-01
7.274217605590820312e-01 2.725782394409179688e-01
6.620795726776123047e-01 3.379203975200653076e-01
5.610929131507873535e-01 4.389070868492126465e-01
7.278984785079956055e-01 2.721014916896820068e-01
5.660174489021301270e-01 4.339825212955474854e-01
6.350587606430053711e-01 3.649412393569946289e-01
5.660174489021301270e-01 4.339825212955474854e-01
7.428357601165771484e-01 2.571642398834228516e-01
5.837518572807312012e-01 4.162481427192687988e-01
5.660174489021301270e-01 4.339825212955474854e-01
5.983961820602416992e-01 4.016038179397583008e-01
8.510175943374633789e-01 1.489823907613754272e-01
6.159029603004455566e-01 3.840970098972320557e-01
7.446416020393371582e-01 2.553584277629852295e-01
2.089856714010238647e-01 7.910143136978149414e-01
1.696408987045288086e-01 8.303591012954711914e-01
7.299082875251770020e-01 2.700917422771453857e-01
3.168143033981323242e-01 6.831857562065124512e-01
5.979361534118652344e-01 4.020638763904571533e-01
7.239100933074951172e-01 2.760898470878601074e-01
4.725225567817687988e-01 5.274773836135864258e-01
5.799992680549621582e-01 4.200007617473602295e-01
5.359394550323486328e-01 4.640605449676513672e-01
7.446416020393371582e-01 2.553584277629852295e-01
5.363628268241882324e-01 4.636371731758117676e-01
6.126919984817504883e-01 3.873080313205718994e-01
4.755868613719940186e-01 5.244130492210388184e-01
6.054652333259582520e-01 3.945347964763641357e-01
3.937391936779022217e-02 9.606261253356933594e-01
3.731118738651275635e-01 6.268880963325500488e-01
5.235151201486587524e-02 9.476484656333923340e-01
3.654104769229888916e-01 6.345895528793334961e-01
7.670685648918151855e-01 2.329314053058624268e-01
1.928728520870208740e-01 8.071271181106567383e-01
2.376373559236526489e-01 7.623626589775085449e-01
6.944260597229003906e-01 3.055739402770996094e-01
2.107126265764236450e-01 7.892873883247375488e-01
3.463025987148284912e-01 6.536974906921386719e-01
4.558731615543365479e-01 5.441268086433410645e-01
2.104730308055877686e-01 7.895269989967346191e-01
2.784215807914733887e-01 7.215784192085266113e-01
3.187035676091909409e-03 9.968129992485046387e-01
2.055273018777370453e-02 9.794472455978393555e-01
6.220679730176925659e-03 9.937793612480163574e-01
2.734301388263702393e-01 7.265698909759521484e-01
3.381850421428680420e-01 6.618149876594543457e-01
6.922215819358825684e-01 3.077784478664398193e-01
6.251644492149353027e-01 3.748355209827423096e-01
2.947924733161926270e-01 7.052074670791625977e-01
6.462222337722778320e-01 3.537777662277221680e-01
1.330213397741317749e-01 8.669786453247070312e-01
2.629280686378479004e-01 7.370719909667968750e-01
2.008021473884582520e-01 7.991979122161865234e-01
2.729713618755340576e-01 7.270286083221435547e-01
6.945909559726715088e-02 9.305409789085388184e-01
8.990333229303359985e-02 9.100965857505798340e-01
2.951887436211109161e-02 9.704811573028564453e-01
9.167209267616271973e-02 9.083278775215148926e-01
3.922686874866485596e-01 6.077312231063842773e-01
6.226807832717895508e-01 3.773192167282104492e-01
1.884988993406295776e-01 8.115010261535644531e-01
6.352295875549316406e-01 3.647704422473907471e-01
2.137769572436809540e-02 9.786223769187927246e-01
1.696408987045288086e-01 8.303591012954711914e-01
1.789397448301315308e-01 8.210602402687072754e-01
5.924987420439720154e-02 9.407501816749572754e-01
1.066939532756805420e-01 8.933060169219970703e-01
7.998269051313400269e-02 9.200172424316406250e-01
5.445564389228820801e-01 4.554435312747955322e-01
5.529301762580871582e-01 4.470698535442352295e-01
3.032990097999572754e-01 6.967009902000427246e-01
4.076463580131530762e-01 5.923536419868469238e-01
4.999074637889862061e-01 5.000925660133361816e-01
3.776990175247192383e-01 6.223009824752807617e-01
5.769271850585937500e-01 4.230728745460510254e-01
6.634144186973571777e-01 3.365855813026428223e-01
1.764411032199859619e-01 8.235589265823364258e-01
3.073794543743133545e-01 6.926206350326538086e-01
2.396481186151504517e-01 7.603518962860107422e-01
5.631494522094726562e-01 4.368504881858825684e-01
2.012365907430648804e-01 7.987633347511291504e-01
5.074364542961120605e-01 4.925634860992431641e-01
7.040412425994873047e-01 2.959587275981903076e-01
2.423547059297561646e-01 7.576453089714050293e-01
4.634121954441070557e-01 5.365878939628601074e-01
8.103352785110473633e-01 1.896647214889526367e-01
5.028187036514282227e-01 4.971812963485717773e-01
5.955536663532257080e-02 9.404445886611938477e-01
6.853821277618408203e-01 3.146178722381591797e-01
7.043069601058959961e-01 2.956930398941040039e-01
5.351833701133728027e-01 4.648165404796600342e-01
2.089856714010238647e-01 7.910143136978149414e-01
6.050274372100830078e-01 3.949725627899169922e-01
7.277181744575500488e-01 2.722818851470947266e-01
4.244837462902069092e-01 5.755162239074707031e-01
3.298603594303131104e-01 6.701396703720092773e-01
5.533701777458190918e-01 4.466297924518585205e-01
5.660174489021301270e-01 4.339825212955474854e-01
1.458203047513961792e-02 9.854179620742797852e-01
6.053335070610046387e-01 3.946664333343505859e-01
2.115051820874214172e-02 9.788494706153869629e-01
1.868544518947601318e-01 8.131455779075622559e-01
3.996220603585243225e-02 9.600378274917602539e-01
2.037493288516998291e-01 7.962506413459777832e-01
5.524680614471435547e-01 4.475319385528564453e-01
5.165112614631652832e-01 4.834887683391571045e-01
5.659652352333068848e-01 4.340347349643707275e-01
2.724905610084533691e-01 7.275094389915466309e-01
6.443299651145935059e-01 3.556699752807617188e-01
1.585097908973693848e-01 8.414902091026306152e-01
6.957357525825500488e-01 3.042642474174499512e-01
6.326959133148193359e-01 3.673039972782135010e-01
6.803561449050903320e-01 3.196438848972320557e-01
