5.343653559684753418e-01 4.656346738338470459e-01
6.432325839996337891e-01 3.567673861980438232e-01
5.566959381103515625e-01 4.433040618896484375e-01
6.089060306549072266e-01 3.910939693450927734e-01
6.256833672523498535e-01 3.743166923522949219e-01
6.727366447448730469e-01 3.272633850574493408e-01
3.413220643997192383e-01 6.586778759956359863e-01
6.413451433181762695e-01 3.586548268795013428e-01
5.737192034721374512e-01 4.262808263301849365e-01
4.459241032600402832e-01 5.540758967399597168e-01
6.611098051071166992e-01 3.388902544975280762e-01
6.865759491920471191e-01 3.134240508079528809e-01
5.933509469032287598e-01 4.066489934921264648e-01
4.503560960292816162e-01 5.496439933776855469e-01
5.933509469032287598e-01 4.066489934921264648e-01
6.059274673461914062e-01 3.940725028514862061e-01
6.423009634017944336e-01 3.576990365982055664e-01
6.924595236778259277e-01 3.075404167175292969e-01
5.851338505744934082e-01 4.148661792278289795e-01
4.701426029205322266e-01 5.298573970794677734e-01
6.232337355613708496e-01 3.767662346363067627e-01
6.124845743179321289e-01 3.875154554843902588e-01
6.403757333755493164e-01 3.596243560314178467e-01
6.731148958206176758e-01 3.268851637840270996e-01
6.718785166740417480e-01 3.281214833259582520e-01
4.970013201236724854e-01 5.029987096786499023e-01
6.074970364570617676e-01 3.925029933452606201e-01
6.218100190162658691e-01 3.781899511814117432e-01
4.983115792274475098e-01 5.016884207725524902e-01
6.523652076721191406e-01 3.476348221302032471e-01
2.801009714603424072e-01 7.198990583419799805e-01
6.329630613327026367e-01 3.670369684696197510e-01
6.041674017906188965e-01 3.958326280117034912e-01
4.665288627147674561e-01 5.334711074829101562e-01
5.933509469032287598e-01 4.066489934921264648e-01
4.810919463634490967e-01 5.189080238342285156e-01
6.091789007186889648e-01 3.908211290836334229e-01
6.612424254417419434e-01 3.387575745582580566e-01
5.480569601058959961e-01 4.519430398941040039e-01
6.103945374488830566e-01 3.896054327487945557e-01
6.769442558288574219e-01 3.230556845664978027e-01
6.048411726951599121e-01 3.951588571071624756e-01
6.719590425491333008e-01 3.280409872531890869e-01
4.325234889984130859e-01 5.674765110015869141e-01
5.122388601303100586e-01 4.877611398696899414e-01
5.762795805931091309e-01 4.237204194068908691e-01
6.894156932830810547e-01 3.105843365192413330e-01
5.930843949317932129e-01 4.069156348705291748e-01
6.110455393791198730e-01 3.889544904232025146e-01
6.049306392669677734e-01 3.950693309307098389e-01
6.127737760543823242e-01 3.872262239456176758e-01
6.075494289398193359e-01 3.924505710601806641e-01
6.576694250106811523e-01 3.423305153846740723e-01
6.422474384307861328e-01 3.577526509761810303e-01
6.072762608528137207e-01 3.927237689495086670e-01
6.441918015480041504e-01 3.558082282543182373e-01
5.271223187446594238e-01 4.728776216506958008e-01
5.933509469032287598e-01 4.066489934921264648e-01
5.393368005752563477e-01 4.606632292270660400e-01
5.933509469032287598e-01 4.066489934921264648e-01
6.083809137344360352e-01 3.916191160678863525e-01
5.720560550689697266e-01 4.279439151287078857e-01
5.933509469032287598e-01 4.066489934921264648e-01
5.244086384773254395e-01 4.755913317203521729e-01
6.394577026367187500e-01 3.605422973632812500e-01
6.435638666152954102e-01 3.564361631870269775e-01
4.775480926036834717e-01 5.224518179893493652e-01
6.731148958206176758e-01 3.268851637840270996e-01
6.236200332641601562e-01 3.763799667358398438e-01
6.956853270530700684e-01 3.043146431446075439e-01
6.316174268722534180e-01 3.683826625347137451e-01
5.732063651084899902e-01 4.267936348915100098e-01
6.412603855133056641e-01 3.587396144866943359e-01
6.194095015525817871e-01 3.805905282497406006e-01
5.585010647773742676e-01 4.414988756179809570e-01
5.587969422340393066e-01 4.412031173706054688e-01
6.085030436515808105e-01 3.914969861507415771e-01
6.287321448326110840e-01 3.712678253650665283e-01
5.933509469032287598e-01 4.066489934921264648e-01
6.556336879730224609e-01 3.443663418292999268e-01
6.446889638900756836e-01 3.553110659122467041e-01
6.510856151580810547e-01 3.489143848419189453e-01
6.173989176750183105e-01 3.826011121273040771e-01
5.612028241157531738e-01 4.387972354888916016e-01
6.169779300689697266e-01 3.830221295356750488e-01
5.823727250099182129e-01 4.176272749900817871e-01
6.272968649864196777e-01 3.727030754089355469e-01
6.407017707824707031e-01 3.592981994152069092e-01
6.270833611488342285e-01 3.729166686534881592e-01
5.194252133369445801e-01 4.805748462677001953e-01
6.073774099349975586e-01 3.926225602626800537e-01
5.933509469032287598e-01 4.066489934921264648e-01
6.009461879730224609e-01 3.990537524223327637e-01
5.933509469032287598e-01 4.066489934921264648e-01
6.489481329917907715e-01 3.510518670082092285e-01
5.941286087036132812e-01 4.058713316917419434e-01
5.933509469032287598e-01 4.066489934921264648e-01
5.531213283538818359e-01 4.468787312507629395e-01
6.640581488609313965e-01 3.359418213367462158e-01
4.182456016540527344e-01 5.817543983459472656e-01
2.629440188407897949e-01 7.370559811592102051e-01
4.556167423725128174e-01 5.443832874298095703e-01
3.624186217784881592e-01 6.375814080238342285e-01
6.213511228561401367e-01 3.786489069461822510e-01
4.382426142692565918e-01 5.617573857307434082e-01
5.629966259002685547e-01 4.370033740997314453e-01
6.406359076499938965e-01 3.593640625476837158e-01
5.114539861679077148e-01 4.885460436344146729e-01
4.962074458599090576e-01 5.037925243377685547e-01
5.771083235740661621e-01 4.228916466236114502e-01
6.629440188407897949e-01 3.370559811592102051e-01
5.180625915527343750e-01 4.819374382495880127e-01
5.791252851486206055e-01 4.208746552467346191e-01
5.347166061401367188e-01 4.652834534645080566e-01
6.029983758926391602e-01 3.970015943050384521e-01
2.010578960180282593e-01 7.989421486854553223e-01
4.197619855403900146e-01 5.802380442619323730e-01
2.309806048870086670e-01 7.690193653106689453e-01
4.457356035709381104e-01 5.542643666267395020e-01
6.824187636375427246e-01 3.175812959671020508e-01
3.166671693325042725e-01 6.833328604698181152e-01
4.734484553337097168e-01 5.265515446662902832e-01
2.050820946693420410e-01 7.949179351329803467e-01
3.594901859760284424e-01 6.405099034309387207e-01
3.408170044422149658e-01 6.591830849647521973e-01
3.385173678398132324e-01 6.614826321601867676e-01
4.072460830211639404e-01 5.927538871765136719e-01
4.294252991676330566e-01 5.705746412277221680e-01
1.748174130916595459e-01 8.251825571060180664e-01
1.813032329082489014e-01 8.186967968940734863e-01
1.384006142616271973e-01 8.615994453430175781e-01
4.270177781581878662e-01 5.729821920394897461e-01
3.886002898216247559e-01 6.113997101783752441e-01
2.207503676414489746e-01 7.792496919631958008e-01
5.855427384376525879e-01 4.144572317600250244e-01
4.237363934516906738e-01 5.762636065483093262e-01
3.900465250015258789e-01 6.099535048007965088e-01
3.527390360832214355e-01 6.472609639167785645e-01
4.196038246154785156e-01 5.803962349891662598e-01
3.595875501632690430e-01 6.404124498367309570e-01
4.114751517772674561e-01 5.885248184204101562e-01
3.161147832870483398e-01 6.838851571083068848e-01
2.733210921287536621e-01 7.266788482666015625e-01
2.405523359775543213e-01 7.594476342201232910e-01
2.251097261905670166e-01 7.748903036117553711e-01
4.819123744964599609e-01 5.180876255035400391e-01
5.723888278007507324e-01 4.276111423969268799e-01
4.203061163425445557e-01 5.796939134597778320e-01
5.535186529159545898e-01 4.464814364910125732e-01
2.590866982936859131e-01 7.409132719039916992e-01
3.624186217784881592e-01 6.375814080238342285e-01
4.229889810085296631e-01 5.770109891891479492e-01
2.708273828029632568e-01 7.291725873947143555e-01
3.572832047939300537e-01 6.427167654037475586e-01
2.746769785881042480e-01 7.253230214118957520e-01
3.605341792106628418e-01 6.394658803939819336e-01
6.061183214187622070e-01 3.938816487789154053e-01
4.399998486042022705e-01 5.600001215934753418e-01
3.550167679786682129e-01 6.449832320213317871e-01
1.255077719688415527e-01 8.744921982288360596e-01
3.744761109352111816e-01 6.255238741636276245e-01
3.081963300704956055e-01 6.918036103248596191e-01
2.255077719688415527e-01 7.744921982288360596e-01
4.645733475685119629e-01 5.354266822338104248e-01
3.656075716018676758e-01 6.343923985958099365e-01
2.166940331459045410e-01 7.833059966564178467e-01
3.923942148685455322e-01 6.076058149337768555e-01
4.653403043746948242e-01 5.346596360206604004e-01
3.157770752906799316e-01 6.842229545116424561e-01
1.155212759971618652e-01 8.844787836074829102e-01
3.446156501770019531e-01 6.553843200206756592e-01
4.553497672080993652e-01 5.446502029895782471e-01
2.261476874351501465e-01 7.738523423671722412e-01
3.653534770011901855e-01 6.346464335918426514e-01
4.695777177810668945e-01 5.304222822189331055e-01
2.737246274948120117e-01 7.262753725051879883e-01
2.463637113571166992e-01 7.536363780498504639e-01
2.870422720909118652e-01 7.129577279090881348e-01
3.255077719688415527e-01 6.744921982288360596e-01
2.459084749221801758e-01 7.540914952754974365e-01
3.505849957466125488e-01 6.494150340557098389e-01
2.490926980972290039e-01 7.509073615074157715e-01
2.177825927734375000e-01 7.822174072265625000e-01
5.650482773780822754e-01 4.349517822265625000e-01
1.954160690307617188e-01 8.045839309692382812e-01
2.397368907928466797e-01 7.602631390094757080e-01
2.203491687774658203e-01 7.796509206295013428e-01
3.782129168510437012e-01 6.217870235443115234e-01
3.274547576904296875e-01 6.725452125072479248e-01
4.630936622619628906e-01 5.369063675403594971e-01
3.469850897789001465e-01 6.530148804187774658e-01
4.255077719688415527e-01 5.744921982288360596e-01
2.468005776405334473e-01 7.531994223594665527e-01
3.255077719688415527e-01 6.744921982288360596e-01
2.021195292472839355e-01 7.978805005550384521e-01
5.892091393470764160e-01 4.107908308506011963e-01
3.255077719688415527e-01 6.744921982288360596e-01
4.996778070926666260e-01 5.003221631050109863e-01
2.000541925430297852e-01 8.999458670616149902e-01
3.934705734252929688e-01 6.065294563770294189e-01